0 0 -2.499999998286710e-01 0.000000000000000e+00
0 1 8.746950445053694e-11 2.957532434156652e-14
0 2 -9.999999999220356e-01 -9.999999998480011e-01
0 3 7.496162106311997e-11 -9.999999998480865e-01
1 0 8.746950445053694e-11 -2.957532434156652e-14
1 1 -2.499999998287258e-01 0.000000000000000e+00
1 2 7.496056423760716e-11 -9.999999998478797e-01
1 3 -9.999999999213375e-01 -9.999999998478067e-01
2 0 -9.999999999220356e-01 9.999999998480011e-01
2 1 7.496056423760716e-11 9.999999998478797e-01
2 2 -1.499999998360513e-01 0.000000000000000e+00
2 3 8.054745819532648e-11 1.113211535597659e-15
3 0 7.496162106311997e-11 9.999999998480865e-01
3 1 -9.999999999213375e-01 9.999999998478067e-01
3 2 8.054745819532648e-11 -1.113211535597659e-15
3 3 -1.499999998359429e-01 0.000000000000000e+00
