24
0 0 2 2 0 1.500000000000000e-01 0.000000000000000e+00
1 0 2 0 2 -1.500000000000000e-01 0.000000000000000e+00
2 0 1 1 0 5.000000000000000e-01 0.000000000000000e+00
3 0 1 0 1 -5.000000000000000e-01 0.000000000000000e+00
4 0 3 3 0 5.000000000000000e-01 0.000000000000000e+00
5 0 3 0 3 -5.000000000000000e-01 0.000000000000000e+00
6 2 0 2 0 -1.500000000000000e-01 0.000000000000000e+00
7 2 0 0 2 1.500000000000000e-01 0.000000000000000e+00
8 2 1 1 2 5.000000000000000e-01 0.000000000000000e+00
9 2 1 2 1 -5.000000000000000e-01 0.000000000000000e+00
10 2 3 3 2 5.000000000000000e-01 0.000000000000000e+00
11 2 3 2 3 -5.000000000000000e-01 0.000000000000000e+00
12 1 0 1 0 -5.000000000000000e-01 0.000000000000000e+00
13 1 0 0 1 5.000000000000000e-01 0.000000000000000e+00
14 1 2 1 2 -5.000000000000000e-01 0.000000000000000e+00
15 1 2 2 1 5.000000000000000e-01 0.000000000000000e+00
16 1 3 3 1 1.500000000000000e-01 0.000000000000000e+00
17 1 3 1 3 -1.500000000000000e-01 0.000000000000000e+00
18 3 0 3 0 -5.000000000000000e-01 0.000000000000000e+00
19 3 0 0 3 5.000000000000000e-01 0.000000000000000e+00
20 3 2 3 2 -5.000000000000000e-01 0.000000000000000e+00
21 3 2 2 3 5.000000000000000e-01 0.000000000000000e+00
22 3 1 3 1 -1.500000000000000e-01 0.000000000000000e+00
23 3 1 1 3 1.500000000000000e-01 0.000000000000000e+00
